

original file:
<Buffer 50 4b 03 04 14 00 06 00 08 00 00 00 21 00 06 2b 70 e3 ec 01 00 00 52 13 00 00 13 00 08 02 5b 43 6f 6e 74 65 6e 74 5f 54 79 70 65 73 5d 2e 78 6d 6c 20 ... >

encrypted file:
<Buffer d3 15 a7 58 d8 49 2a 26 9c ef f4 63 d7 08 8b a2 d3 d6 c4 14 fd cb 2d f8 18 7b 46 ef 83 4d b1 54 f4 ff aa 45 65 07 8f 73 27 d9 e7 8e 00 8e 42 70 96 98 ... >

decrypted file:
<Buffer 50 4b 03 04 14 00 06 00 08 00 00 00 21 00 06 2b 70 e3 ec 01 00 00 52 13 00 00 13 00 08 02 5b 43 6f 6e 74 65 6e 74 5f 54 79 70 65 73 5d 2e 78 6d 6c 20 ... >

decrypted file: { type: 'Buffer',
  data:
   [ 80,
     75,
     3,
     4,
     20,
     0,
     6,
     0,
     8,
     0,
     0,
     0,
     33,
     0,
     6,
     43,
     112,
     227,
     236,
     1,
     0,
     0,
     82,
     19,
     0,
     0,
     19,
     0,
     8,
     2,
     91,
     67,
     111,
     110,
     116,
     101,
     110,
     116,
     95,
     84,
     121,
     112,
     101,
     115,
     93,
     46,
     120,
     109,
     108,
     32,
     162,
     4,
     2,
     40,
     160,
     0,
     2,
     0,
     0,
     0,
     0,
     0,
     0,
     0,
     0,
     0,
     0,
     0,
     0,
     0,
     0,
     0,
     0,
     0,
     0,
     0,
     0,
     0,
     0,
     0,
     0,
     0,
     0,
     0,
     0,
     0,
     0,
     0,
     0,
     0,
     0,
     0,
     0,
     0,
     0,
     0,
     0,
     0,
     0,
     0,
     ... 630838 more items ] }



